 curl https://raw.githubusercontent.com/CSSEGISandData/COVID-19/master/csse_covid_19_data/csse_covid_19_time_series/time_series_covid19_confirmed_US.csv




map the api data:

UID,iso2,iso3,code3,FIPS,Admin2,Province_State,Country_Region,Lat,Long_,Combined_Key,

by FIPS

84025017,US,USA,840,25017.0,Middlesex,Massachusetts,US,42.48607732,-71.39049229,"Middlesex, Massachusetts, US",0,0,0,0,0,0,0,0,0,0,0,0,0,0,0,0,0,0,0,0,0,0,0,0,0,0,0,0,0,0,0,0,0,0,0,0,0,0,0,0,0,0,0,0,1,1,7,7,15,41,49,60,65,65,83,89,100,119,144,177,199,232,304,446,538,685,842,981,1141,1340,1582,1870,2202,2468,2632,2950,3187,3545,4045,4447,4872,5660,5983,6254,6681,7206,7744,8297,8737,8737,9621,10094,10724,11681,12253,12648,12953,13417,13799,14208,14607,15048,15370,15757,15980,16327,16676,17014,17307,17589


and id


{
    "id": 25017,
    "name": "Middlesex County, MA",
    "state": "MA"
  },




to the state data
MIDDLESEx MA 
25017


84001001,US,USA,840,1001.0,Autauga,Alabama,US,32.53952745,-86.64408227,"Autauga, Alabama, US",0,0,0,0,0,0,0,0,0,0,0,0,0,0,0,0,0,0,0 ,0,0,0,0,0,0,0,0,0,0,0,0,0,0,0,0,0,0,0,0,0,0,0,0,0,0,0,0,0,0,0,0,0,0,0,0,0,0,0,0,0,0,0,1,4,6,6,6,6,6,7,8,10,12,12,12,12,12,12,15,17,19,19,19,23,24,26,26,25,26,28,30,32,33,36,36,37,39,40,43,44,42,45,48,53,53,58,61,67,68,74

